87 51 4-k 26-c1 01|232|150|9999
86835K0WNA000002|232|350|8292
86101-K93-NA00-00-01|232|150|6221
86101-K2F-N000-00-04|2312|300|2323
8610 1-k 93-n0 00 -00-02|232|300|52432

86642K1AN8000003|32|100|8332
86643k 1a n 80 0 0 003|32|50|0932
286 6 4 5k5 8n8 0 00001|231|100|04499

86646K58n 8 0 0 0001|823|150|0888
do-a -2502000048
	86103 k 1a n 9 0  00001|333|70|07882

875 14 -k 2 6-c 1 01|231|20|0555
86835K0w n a00 0 0 02|232|100|0443

86646K58N8000001

86646 K 58 n8 0 0 0001
86646K58N8000001
888

do-A-2502000048
DO-A-2502000460
d o- a-2 5 0 2  000 460

d o -a-2 5 020 00054
86646k5 8n8 0 0 0 001|32|50|0888

883929|32|23|312
86645K58N80000023|231|223|22
86103K0WNA000002|323|500|09992
86835K0wn a000002|32|300|0344

875 14-k26 -C 1 01|332|100|0566